# Bundle file v0.3
344 0
2951.41 0 0
0.207547 -0.0382017 -0.977479
-0.0304494 -0.999006 0.0325777
-0.977751 0.0230022 -0.208505
0.959631 -0.0756756 -3.9024
2951.41 0 0
0.205727 -0.0382894 -0.97786
-0.0333251 -0.998929 0.0321033
-0.978042 0.0259828 -0.206782
0.981248 -0.0892889 -3.8885
2951.41 0 0
0.203906 -0.0383715 -0.978238
-0.0362014 -0.998844 0.0316339
-0.978321 0.0289632 -0.205059
1.00292 -0.102824 -3.87464
2951.41 0 0
0.202083 -0.0384481 -0.978613
-0.0390782 -0.998749 0.0311696
-0.978588 0.0319436 -0.203333
1.02464 -0.11628 -3.86084
2951.41 0 0
0.20026 -0.0385192 -0.978985
-0.0419556 -0.998648 0.0307104
-0.978844 0.0349239 -0.201605
1.04641 -0.129658 -3.84708
2951.41 0 0
0.198436 -0.0385847 -0.979354
-0.0448335 -0.998536 0.0302563
-0.979088 0.0379039 -0.199875
1.06823 -0.142959 -3.83338
2951.41 0 0
0.196611 -0.0386446 -0.97972
-0.0477118 -0.998416 0.0298073
-0.97932 0.0408837 -0.198144
1.09011 -0.156182 -3.81972
2951.41 0 0
0.194785 -0.038699 -0.980082
-0.0505905 -0.998287 0.0293633
-0.97954 0.0438633 -0.196409
1.11204 -0.169327 -3.80612
2951.41 0 0
0.192959 -0.0387479 -0.980442
-0.0534696 -0.998151 0.0289245
-0.979749 0.0468426 -0.194674
1.13401 -0.182396 -3.79256
2951.41 0 0
0.191132 -0.0387912 -0.980798
-0.056349 -0.998005 0.0284908
-0.979946 0.0498215 -0.192936
1.15604 -0.195389 -3.77906
2951.41 0 0
0.189304 -0.0388289 -0.98115
-0.0592288 -0.99785 0.0280621
-0.98013 0.0528001 -0.191196
1.17813 -0.208305 -3.76561
2951.41 0 0
0.187475 -0.0388611 -0.9815
-0.0621088 -0.997687 0.0276386
-0.980304 0.0557783 -0.189455
1.20026 -0.221145 -3.75221
2951.41 0 0
0.185646 -0.0388877 -0.981847
-0.0649891 -0.997514 0.0272203
-0.980465 0.058756 -0.187711
1.22244 -0.233909 -3.73887
2951.41 0 0
0.183815 -0.0389088 -0.98219
-0.0678696 -0.997334 0.026807
-0.980615 0.0617333 -0.185966
1.24467 -0.246598 -3.72557
2951.41 0 0
0.181985 -0.0389243 -0.982531
-0.0707502 -0.997145 0.0263989
-0.980753 0.0647101 -0.184219
1.26695 -0.259213 -3.71234
2951.41 0 0
0.180154 -0.0389343 -0.982868
-0.073631 -0.996947 0.0259959
-0.980879 0.0676863 -0.18247
1.28929 -0.271752 -3.69915
2951.41 0 0
0.178322 -0.0389387 -0.983202
-0.076512 -0.99674 0.0255981
-0.980993 0.070662 -0.180719
1.31167 -0.284217 -3.68603
2951.41 0 0
0.176489 -0.0389376 -0.983532
-0.0793929 -0.996525 0.0252054
-0.981095 0.073637 -0.178967
1.33411 -0.296607 -3.67295
2951.41 0 0
0.174656 -0.0389309 -0.98386
-0.0822739 -0.996301 0.0248178
-0.981186 0.0766114 -0.177213
1.35659 -0.308924 -3.65994
2951.41 0 0
0.172822 -0.0389186 -0.984184
-0.085155 -0.996068 0.0244354
-0.981265 0.0795851 -0.175457
1.37912 -0.321168 -3.64698
2951.41 0 0
0.170988 -0.0389008 -0.984505
-0.0880359 -0.995826 0.0240582
-0.981332 0.0825582 -0.173699
1.4017 -0.333338 -3.63407
2951.41 0 0
0.169154 -0.0388775 -0.984822
-0.0909169 -0.995576 0.0236861
-0.981387 0.0855304 -0.17194
1.42433 -0.345436 -3.62123
2951.41 0 0
0.167318 -0.0388486 -0.985137
-0.0937977 -0.995318 0.0233192
-0.981431 0.0885019 -0.170179
1.44701 -0.357461 -3.60844
2951.41 0 0
0.165483 -0.0388141 -0.985448
-0.0966784 -0.995051 0.0229575
-0.981462 0.0914725 -0.168416
1.46974 -0.369414 -3.59571
2951.41 0 0
0.163647 -0.0387741 -0.985757
-0.0995589 -0.994775 0.0226009
-0.981482 0.0944423 -0.166652
1.49252 -0.381295 -3.58303
2951.41 0 0
0.159973 -0.0386774 -0.986363
-0.105319 -0.994197 0.0219034
-0.981487 0.100379 -0.163118
1.53821 -0.404842 -3.55787
2951.41 0 0
0.149823 -0.0388928 -0.987948
-0.102439 -0.994459 0.0236143
-0.983392 0.0976664 -0.152977
1.53302 -0.393057 -3.5726
2951.41 0 0
0.139656 -0.0391362 -0.989426
-0.0995404 -0.994712 0.0252953
-0.985184 0.0949553 -0.142813
1.52772 -0.381265 -3.58755
2951.41 0 0
0.129476 -0.0394076 -0.990799
-0.0966239 -0.994956 0.0269463
-0.986863 0.092246 -0.13263
1.5223 -0.369463 -3.60273
2951.41 0 0
0.119282 -0.0397068 -0.992066
-0.0936897 -0.995192 0.028567
-0.98843 0.0895388 -0.122429
1.51675 -0.357649 -3.61813
2951.41 0 0
0.109077 -0.040034 -0.993227
-0.0907382 -0.995418 0.0301573
-0.989883 0.0868342 -0.11221
1.51108 -0.345823 -3.63375
2951.41 0 0
0.0988615 -0.040389 -0.994281
-0.0877698 -0.995636 0.0317171
-0.991223 0.0841323 -0.101975
1.50527 -0.333983 -3.64959
2951.41 0 0
0.0886366 -0.0407718 -0.995229
-0.0847848 -0.995844 0.033246
-0.992449 0.0814335 -0.0917251
1.49932 -0.322125 -3.66566
2951.41 0 0
0.078403 -0.0411824 -0.996071
-0.0817835 -0.996045 0.034744
-0.993562 0.0787381 -0.0814611
1.49322 -0.310249 -3.68194
2951.41 0 0
0.0681627 -0.0416208 -0.996806
-0.0787663 -0.996235 0.0362108
-0.99456 0.0760464 -0.0711844
1.48697 -0.298353 -3.69844
2951.41 0 0
0.0579163 -0.0420868 -0.997434
-0.0757335 -0.996417 0.0376464
-0.995445 0.0733588 -0.0608962
1.48056 -0.286435 -3.71515
2951.41 0 0
0.0476652 -0.0425804 -0.997955
-0.0726855 -0.99659 0.0390504
-0.996215 0.0706755 -0.0505978
1.47399 -0.274493 -3.73208
2951.41 0 0
0.0374107 -0.0431015 -0.99837
-0.0696226 -0.996754 0.0404229
-0.996872 0.0679969 -0.0402902
1.46725 -0.262525 -3.74922
2951.41 0 0
0.0271538 -0.0436502 -0.998678
-0.0665452 -0.996909 0.0417635
-0.997414 0.0653232 -0.0299746
1.46034 -0.250529 -3.76657
2951.41 0 0
0.016896 -0.0442263 -0.998878
-0.0634537 -0.997055 0.0430722
-0.997842 0.0626548 -0.0196522
1.45325 -0.238504 -3.78413
2951.41 0 0
0.00663769 -0.0448297 -0.998973
-0.0603483 -0.997192 0.0443488
-0.998155 0.0599919 -0.00932479
1.44598 -0.226447 -3.8019
2951.41 0 0
-0.00361896 -0.0454605 -0.99896
-0.0572295 -0.997319 0.0455932
-0.998354 0.057335 0.00100756
1.43851 -0.214357 -3.81987
2951.41 0 0
-0.0138732 -0.0461185 -0.99884
-0.0540976 -0.997438 0.0468052
-0.998439 0.0546842 0.0113429
1.43086 -0.202231 -3.83804
2951.41 0 0
-0.0241241 -0.0468036 -0.998613
-0.050953 -0.997548 0.0479846
-0.99841 0.0520399 0.02168
1.423 -0.190068 -3.85642
2951.41 0 0
-0.0343701 -0.0475158 -0.998279
-0.0477961 -0.997648 0.0491314
-0.998266 0.0494025 0.0320181
1.41493 -0.177866 -3.87498
2951.41 0 0
-0.0446101 -0.048255 -0.997838
-0.0446271 -0.997739 0.0502454
-0.998007 0.0467721 0.0423558
1.40666 -0.165623 -3.89375
2951.41 0 0
-0.0548429 -0.0490212 -0.997291
-0.0414465 -0.997821 0.0513265
-0.997634 0.0441491 0.0526918
1.39817 -0.153338 -3.91271
2951.41 0 0
-0.0650676 -0.0498141 -0.996637
-0.0382547 -0.997895 0.0523745
-0.997147 0.0415339 0.0630249
1.38946 -0.141007 -3.93185
2951.41 0 0
-0.0752827 -0.0506337 -0.995876
-0.0350519 -0.997958 0.0533893
-0.996546 0.0389266 0.0733542
1.38052 -0.12863 -3.95119
2951.41 0 0
-0.0854871 -0.05148 -0.995008
-0.0318386 -0.998013 0.0543709
-0.99583 0.0363277 0.0836782
1.37135 -0.116204 -3.9707
2951.41 0 0
-0.0956799 -0.0523528 -0.994035
-0.0286152 -0.998059 0.0553191
-0.995001 0.0337374 0.0939958
1.36195 -0.103728 -3.9904
2951.41 0 0
-0.10586 -0.0532521 -0.992954
-0.025382 -0.998095 0.0562337
-0.994057 0.031156 0.104306
1.3523 -0.0911988 -4.01028
2951.41 0 0
-0.116025 -0.0541776 -0.991768
-0.0221393 -0.998122 0.0571148
-0.993 0.0285838 0.114607
1.34241 -0.0786158 -4.03033
2951.41 0 0
-0.126174 -0.0551294 -0.990475
-0.0188877 -0.99814 0.0579621
-0.991828 0.0260211 0.124899
1.33227 -0.0659766 -4.05055
2951.41 0 0
-0.146424 -0.0571112 -0.987572
-0.0123587 -0.998149 0.0595552
-0.989145 0.0209255 0.145447
1.3112 -0.0405217 -4.09149
2951.41 0 0
-0.15985 -0.0563606 -0.985531
-0.0122939 -0.998178 0.0590779
-0.987065 0.0215596 0.158866
1.29473 -0.0389876 -4.10099
2951.41 0 0
-0.173246 -0.0556014 -0.983308
-0.0122356 -0.998207 0.0585996
-0.984803 0.0221835 0.172255
1.27824 -0.0374426 -4.1108
2951.41 0 0
-0.186611 -0.0548337 -0.980903
-0.0121838 -0.998235 0.0581206
-0.982359 0.022797 0.185613
1.26171 -0.0358868 -4.12092
2951.41 0 0
-0.199941 -0.0540578 -0.978316
-0.0121385 -0.998264 0.0576408
-0.979733 0.0234001 0.198937
1.24513 -0.0343199 -4.13136
2951.41 0 0
-0.213234 -0.0532738 -0.975548
-0.0120998 -0.998292 0.0571605
-0.976926 0.0239925 0.212225
1.22849 -0.0327418 -4.1421
2951.41 0 0
-0.226488 -0.0524817 -0.972599
-0.0120676 -0.99832 0.0566798
-0.973939 0.0245742 0.225474
1.21178 -0.0311523 -4.15315
2951.41 0 0
-0.2397 -0.0516818 -0.969471
-0.012042 -0.998347 0.0561985
-0.970773 0.0251451 0.238681
1.195 -0.0295515 -4.16452
2951.41 0 0
-0.252867 -0.0508742 -0.966163
-0.0120229 -0.998374 0.055717
-0.967426 0.025705 0.251844
1.17811 -0.0279391 -4.1762
2951.41 0 0
-0.265989 -0.0500591 -0.962676
-0.0120103 -0.998402 0.0552353
-0.963902 0.026254 0.264962
1.16113 -0.026315 -4.18818
2951.41 0 0
-0.27906 -0.0492365 -0.959011
-0.0120043 -0.998428 0.0547533
-0.960199 0.0267917 0.27803
1.14402 -0.0246792 -4.20048
2951.41 0 0
-0.29208 -0.0484067 -0.955168
-0.0120049 -0.998454 0.0542714
-0.956318 0.0273183 0.291048
1.12679 -0.0230316 -4.21309
2951.41 0 0
-0.305047 -0.0475699 -0.951149
-0.012012 -0.99848 0.0537895
-0.952262 0.0278335 0.304012
1.10942 -0.0213721 -4.226
2951.41 0 0
-0.317957 -0.046726 -0.946953
-0.0120257 -0.998506 0.0533077
-0.948029 0.0283373 0.31692
1.0919 -0.0197007 -4.23923
2951.41 0 0
-0.330808 -0.0458754 -0.942582
-0.0120459 -0.998531 0.0528261
-0.943621 0.0288296 0.32977
1.07421 -0.0180173 -4.25275
2951.41 0 0
-0.343599 -0.0450182 -0.938037
-0.0120727 -0.998557 0.0523448
-0.939039 0.0293102 0.342559
1.05635 -0.0163218 -4.26658
2951.41 0 0
-0.356325 -0.0441545 -0.933318
-0.012106 -0.998581 0.0518639
-0.934284 0.0297792 0.355285
1.03831 -0.0146142 -4.28071
2951.41 0 0
-0.368986 -0.0432845 -0.928427
-0.0121459 -0.998605 0.0513835
-0.929356 0.0302364 0.367946
1.02006 -0.0128946 -4.29513
2951.41 0 0
-0.381579 -0.0424084 -0.923363
-0.0121923 -0.998629 0.0509037
-0.924256 0.0306817 0.380539
1.00161 -0.0111627 -4.30985
2951.41 0 0
-0.394101 -0.0415263 -0.918128
-0.0122452 -0.998653 0.0504245
-0.918985 0.031115 0.393062
0.982939 -0.00941881 -4.32486
2951.41 0 0
-0.406551 -0.0406383 -0.912724
-0.0123047 -0.998676 0.0499461
-0.913545 0.0315363 0.405512
0.964035 -0.00766271 -4.34016
2951.41 0 0
-0.418925 -0.0397447 -0.907151
-0.0123706 -0.998699 0.0494685
-0.907937 0.0319455 0.417888
0.944889 -0.00589451 -4.35574
2951.41 0 0
-0.431221 -0.0388456 -0.90141
-0.012443 -0.998722 0.0489918
-0.90216 0.0323426 0.430187
0.925489 -0.00411411 -4.3716
2951.41 0 0
-0.443439 -0.0379412 -0.895501
-0.0125219 -0.998744 0.0485161
-0.896217 0.0327273 0.442407
0.905823 -0.00232171 -4.38774
2951.41 0 0
-0.455574 -0.0370316 -0.889427
-0.0126073 -0.998766 0.0480416
-0.890109 0.0330997 0.454545
0.885881 -0.000517175 -4.40416
2951.41 0 0
-0.467625 -0.0361171 -0.883189
-0.0126991 -0.998787 0.0475682
-0.883836 0.0334598 0.466599
0.865652 0.00129927 -4.42083
2951.41 0 0
-0.47959 -0.0351977 -0.876787
-0.0127973 -0.998809 0.0470961
-0.8774 0.0338073 0.478568
0.845124 0.00312773 -4.43778
2951.41 0 0
-0.491466 -0.0342737 -0.870222
-0.012902 -0.998829 0.0466253
-0.870802 0.0341424 0.490448
0.824287 0.00496806 -4.45497
2951.41 0 0
-0.503251 -0.0333452 -0.863497
-0.013013 -0.99885 0.0461561
-0.864043 0.0344648 0.502238
0.803131 0.00682018 -4.47243
2951.41 0 0
-0.52654 -0.0314754 -0.849567
-0.0132543 -0.998889 0.0452222
-0.850047 0.0350717 0.525538
0.759815 0.010559 -4.50806
2951.41 0 0
-0.539917 -0.0316614 -0.841123
-0.0155973 -0.998744 0.0476065
-0.841574 0.0388229 0.538745
0.733079 -0.00616203 -4.50547
2951.41 0 0
-0.553161 -0.031788 -0.832468
-0.0179023 -0.998588 0.0500271
-0.832883 0.0425761 0.55181
0.70659 -0.0228437 -4.50311
2951.41 0 0
-0.566266 -0.0318551 -0.823606
-0.0201684 -0.998418 0.0524831
-0.823975 0.0463303 0.564728
0.680332 -0.0394888 -4.50098
2951.41 0 0
-0.579232 -0.0318628 -0.81454
-0.0223951 -0.998237 0.0549741
-0.814855 0.0500845 0.577497
0.654293 -0.0561007 -4.49909
2951.41 0 0
-0.592053 -0.0318111 -0.805271
-0.0245819 -0.998043 0.0574994
-0.805524 0.0538378 0.590112
0.628456 -0.0726829 -4.49745
2951.41 0 0
-0.604727 -0.0316998 -0.795802
-0.0267281 -0.997837 0.0600583
-0.795984 0.0575891 0.602572
0.602806 -0.0892388 -4.49606
2951.41 0 0
-0.61725 -0.0315292 -0.786135
-0.0288332 -0.997619 0.06265
-0.786238 0.0613375 0.614871
0.577328 -0.105772 -4.49492
2951.41 0 0
-0.62962 -0.0312991 -0.776273
-0.0308966 -0.99739 0.0652741
-0.776289 0.0650821 0.627008
0.552006 -0.122285 -4.49405
2951.41 0 0
-0.641831 -0.0310098 -0.766219
-0.0329179 -0.997147 0.0679297
-0.766139 0.0688217 0.638979
0.526827 -0.138783 -4.49344
2951.41 0 0
-0.653883 -0.0306612 -0.755975
-0.0348964 -0.996893 0.0706163
-0.755791 0.0725555 0.650781
0.501772 -0.155268 -4.49311
2951.41 0 0
-0.66577 -0.0302535 -0.745543
-0.0368316 -0.996627 0.0733329
-0.745247 0.0762825 0.662411
0.476827 -0.171743 -4.49305
2951.41 0 0
-0.677492 -0.0297867 -0.734927
-0.0387232 -0.99635 0.0760791
-0.734511 0.0800017 0.673865
0.451976 -0.188213 -4.49327
2951.41 0 0
-0.689043 -0.029261 -0.724129
-0.0405705 -0.99606 0.078854
-0.723584 0.0837121 0.685141
0.427203 -0.204681 -4.49377
2951.41 0 0
-0.700422 -0.0286765 -0.713153
-0.042373 -0.995759 0.081657
-0.71247 0.0874128 0.696236
0.402493 -0.22115 -4.49456
2951.41 0 0
-0.711625 -0.0280334 -0.702
-0.0441304 -0.995447 0.0844872
-0.701172 0.0911028 0.707147
0.377827 -0.237623 -4.49563
2951.41 0 0
-0.72265 -0.0273318 -0.690675
-0.0458421 -0.995123 0.087344
-0.689693 0.0947811 0.717872
0.353191 -0.254104 -4.49699
2951.41 0 0
-0.733492 -0.0265719 -0.679178
-0.0475078 -0.994787 0.0902266
-0.678036 0.0984468 0.728406
0.32857 -0.270597 -4.49864
2951.41 0 0
-0.744151 -0.025754 -0.667515
-0.0491269 -0.994441 0.0931343
-0.666203 0.102099 0.738748
0.303946 -0.287104 -4.50058
2951.41 0 0
-0.754622 -0.0248782 -0.655688
-0.050699 -0.994083 0.0960663
-0.654198 0.105736 0.748896
0.279303 -0.303629 -4.5028
2951.41 0 0
-0.764904 -0.0239447 -0.6437
-0.0522238 -0.993714 0.0990219
-0.642024 0.109359 0.758845
0.254624 -0.320175 -4.50532
2951.41 0 0
-0.774993 -0.0229538 -0.631553
-0.0537008 -0.993334 0.102
-0.629685 0.112964 0.768594
0.229895 -0.336746 -4.50813
2951.41 0 0
-0.784887 -0.0219058 -0.619252
-0.0551297 -0.992943 0.105
-0.617182 0.116553 0.77814
0.205099 -0.353345 -4.51122
2951.41 0 0
-0.794582 -0.020801 -0.6068
-0.05651 -0.992541 0.108022
-0.604521 0.120123 0.78748
0.18022 -0.369975 -4.5146
2951.41 0 0
-0.804079 -0.0196395 -0.594199
-0.0578415 -0.992129 0.111064
-0.591703 0.123673 0.796613
0.155241 -0.38664 -4.51827
2951.41 0 0
-0.813372 -0.0184218 -0.581453
-0.0591237 -0.991706 0.114125
-0.578732 0.127204 0.805536
0.130145 -0.403341 -4.52221
2951.41 0 0
-0.822459 -0.0171481 -0.568565
-0.0603564 -0.991271 0.117206
-0.565612 0.130714 0.814246
0.104919 -0.420084 -4.52644
2951.41 0 0
-0.83134 -0.0158188 -0.555539
-0.0615392 -0.990828 0.120304
-0.552347 0.134201 0.822741
0.0795438 -0.436871 -4.53094
2951.41 0 0
-0.840011 -0.0144343 -0.542378
-0.0626718 -0.990374 0.12342
-0.538939 0.137666 0.831019
0.0540059 -0.453704 -4.53571
2951.41 0 0
-0.856713 -0.0115007 -0.515665
-0.0647853 -0.989434 0.1297
-0.511709 0.144523 0.846916
0.00237632 -0.487524 -4.54604
2951.41 0 0
-0.859664 -0.0111278 -0.510738
-0.063664 -0.989635 0.12872
-0.506877 0.143171 0.850046
0.00218606 -0.479847 -4.54205
2951.41 0 0
-0.862587 -0.0107626 -0.505794
-0.0625483 -0.989834 0.127733
-0.502027 0.141817 0.853145
0.00204802 -0.472195 -4.53819
2951.41 0 0
-0.865482 -0.0104054 -0.500832
-0.0614382 -0.990031 0.12674
-0.497158 0.140461 0.856215
0.00196218 -0.464566 -4.53447
2951.41 0 0
-0.868348 -0.010056 -0.495853
-0.0603337 -0.990227 0.12574
-0.492272 0.139102 0.859255
0.00192583 -0.456961 -4.53089
2951.41 0 0
-0.871185 -0.00971454 -0.490857
-0.059235 -0.99042 0.124733
-0.487367 0.137742 0.862265
0.00193751 -0.449379 -4.52745
2951.41 0 0
-0.873995 -0.00938097 -0.485845
-0.058142 -0.990613 0.12372
-0.482445 0.136378 0.865244
0.00199604 -0.441819 -4.52414
2951.41 0 0
-0.876775 -0.0090553 -0.480816
-0.0570548 -0.990803 0.1227
-0.477505 0.135013 0.868194
0.00209856 -0.434282 -4.52097
2951.41 0 0
-0.879526 -0.00873756 -0.475771
-0.0559734 -0.990991 0.121674
-0.472547 0.133646 0.871113
0.00224459 -0.426766 -4.51794
2951.41 0 0
-0.882248 -0.00842776 -0.470709
-0.0548978 -0.991177 0.120641
-0.467573 0.132276 0.874002
0.00243318 -0.419272 -4.51505
2951.41 0 0
-0.884941 -0.0081259 -0.465631
-0.0538282 -0.991361 0.119602
-0.462581 0.130905 0.87686
0.00266039 -0.411799 -4.5123
2951.41 0 0
-0.887605 -0.00783201 -0.460538
-0.0527645 -0.991544 0.118557
-0.457572 0.129532 0.879687
0.00292647 -0.404346 -4.5097
2951.41 0 0
-0.89024 -0.00754608 -0.455429
-0.0517068 -0.991726 0.117505
-0.452547 0.128156 0.882483
0.003227 -0.396914 -4.50723
2951.41 0 0
-0.892845 -0.00726813 -0.450304
-0.050655 -0.991904 0.116447
-0.447505 0.126779 0.885249
0.00356424 -0.389502 -4.5049
2951.41 0 0
-0.895421 -0.00699817 -0.445165
-0.0496093 -0.992082 0.115382
-0.442447 0.1254 0.887984
0.00393391 -0.382109 -4.50271
2951.41 0 0
-0.897968 -0.00673621 -0.44001
-0.0485697 -0.992257 0.114311
-0.437373 0.124019 0.890688
0.00433469 -0.374735 -4.50067
2951.41 0 0
-0.900484 -0.00648225 -0.43484
-0.0475363 -0.99243 0.113234
-0.432282 0.122637 0.89336
0.00476563 -0.36738 -4.49877
2951.41 0 0
-0.902971 -0.00623631 -0.429655
-0.0465089 -0.992602 0.112151
-0.427176 0.121252 0.896001
0.00522411 -0.360044 -4.49701
2951.41 0 0
-0.905429 -0.0059984 -0.424456
-0.0454878 -0.992772 0.111062
-0.422054 0.119866 0.898611
0.00570893 -0.352725 -4.49539
2951.41 0 0
-0.907856 -0.00576852 -0.419242
-0.0444729 -0.992939 0.109967
-0.416917 0.118479 0.90119
0.00621843 -0.345424 -4.49392
2951.41 0 0
-0.910253 -0.00554667 -0.414015
-0.0434642 -0.993106 0.108865
-0.411764 0.11709 0.903737
0.00675023 -0.33814 -4.49259
2951.41 0 0
-0.91262 -0.00533288 -0.408773
-0.0424619 -0.99327 0.107758
-0.406596 0.115699 0.906252
0.00730407 -0.330872 -4.4914
2951.41 0 0
-0.914958 -0.00512715 -0.403517
-0.0414658 -0.993432 0.106645
-0.401414 0.114308 0.908736
0.00787675 -0.323621 -4.49035
2951.41 0 0
-0.917265 -0.00492948 -0.398248
-0.0404762 -0.993593 0.105525
-0.396216 0.112914 0.911188
0.0084672 -0.316386 -4.48945
2951.41 0 0
-0.919541 -0.00473987 -0.392965
-0.0394929 -0.993751 0.1044
-0.391004 0.11152 0.913608
0.00907373 -0.309166 -4.4887
2951.41 0 0
-0.921787 -0.00455835 -0.387669
-0.0385161 -0.993907 0.103269
-0.385778 0.110124 0.915996
0.00969505 -0.301961 -4.48809
2951.41 0 0
-0.924003 -0.00438491 -0.38236
-0.0375458 -0.994062 0.102132
-0.380537 0.108727 0.918352
0.0103288 -0.294771 -4.48762
2951.41 0 0
-0.926188 -0.00421956 -0.377038
-0.0365819 -0.994215 0.10099
-0.375283 0.107328 0.920676
0.010973 -0.287596 -4.48729
2951.41 0 0
-0.928343 -0.0040623 -0.371703
-0.0356247 -0.994366 0.0998412
-0.370014 0.105929 0.922967
0.011627 -0.280434 -4.48712
2951.41 0 0
-0.93256 -0.00377212 -0.360996
-0.0337298 -0.994661 0.0975274
-0.359437 0.103126 0.927454
0.012955 -0.266149 -4.48719
2951.41 0 0
-0.935251 -0.00432954 -0.353958
-0.0325738 -0.99463 0.0982348
-0.352482 0.103404 0.930088
-0.00530553 -0.263076 -4.48101
2951.41 0 0
-0.93789 -0.00488486 -0.346898
-0.0314124 -0.994598 0.0989335
-0.345508 0.103686 0.93267
-0.0234661 -0.259995 -4.47481
2951.41 0 0
-0.940475 -0.00543802 -0.339819
-0.0302459 -0.994565 0.0996233
-0.338514 0.103971 0.935199
-0.0415255 -0.256908 -4.46859
2951.41 0 0
-0.943007 -0.005989 -0.332721
-0.0290742 -0.994532 0.100304
-0.331502 0.104261 0.937676
-0.0594865 -0.253814 -4.46235
2951.41 0 0
-0.945484 -0.00653776 -0.325603
-0.0278974 -0.994498 0.100977
-0.324472 0.104555 0.940099
-0.0773481 -0.250715 -4.4561
2951.41 0 0
-0.947908 -0.00708428 -0.318467
-0.0267156 -0.994463 0.10164
-0.317423 0.104853 0.942469
-0.0951121 -0.24761 -4.44984
2951.41 0 0
-0.950277 -0.00762852 -0.311312
-0.0255288 -0.994426 0.102294
-0.310357 0.105155 0.944786
-0.112778 -0.244499 -4.44356
2951.41 0 0
-0.952593 -0.00817044 -0.304139
-0.0243372 -0.99439 0.10294
-0.303274 0.105461 0.947049
-0.130349 -0.241383 -4.43727
2951.41 0 0
-0.954854 -0.00871003 -0.296949
-0.0231407 -0.994352 0.103576
-0.296174 0.105772 0.949259
-0.147824 -0.238261 -4.43097
2951.41 0 0
-0.95706 -0.00924724 -0.289742
-0.0219395 -0.994314 0.104203
-0.289058 0.106086 0.951415
-0.165203 -0.235135 -4.42466
2951.41 0 0
-0.959212 -0.00978205 -0.282518
-0.0207336 -0.994275 0.104822
-0.281926 0.106404 0.953518
-0.18249 -0.232004 -4.41834
2951.41 0 0
-0.961309 -0.0103144 -0.275278
-0.0195231 -0.994235 0.105431
-0.274779 0.106726 0.955566
-0.199683 -0.228868 -4.41201
2951.41 0 0
-0.963352 -0.0108443 -0.268022
-0.0183081 -0.994194 0.106031
-0.267616 0.107052 0.95756
-0.216784 -0.225728 -4.40568
2951.41 0 0
-0.965339 -0.0113718 -0.260751
-0.0170886 -0.994153 0.106621
-0.260439 0.107382 0.9595
-0.233793 -0.222584 -4.39934
2951.41 0 0
-0.967272 -0.0118966 -0.253464
-0.0158648 -0.994111 0.107203
-0.253247 0.107715 0.961386
-0.250713 -0.219436 -4.39299
2951.41 0 0
-0.969149 -0.012419 -0.246163
-0.0146365 -0.994067 0.107775
-0.246042 0.108053 0.963218
-0.267542 -0.216284 -4.38664
2951.41 0 0
-0.970971 -0.0129387 -0.238848
-0.0134041 -0.994024 0.108338
-0.238823 0.108395 0.964994
-0.284283 -0.213129 -4.38029
2951.41 0 0
-0.972737 -0.0134559 -0.231519
-0.0121674 -0.993979 0.108892
-0.231591 0.10874 0.966717
-0.300936 -0.20997 -4.37394
2951.41 0 0
-0.974448 -0.0139704 -0.224177
-0.0109266 -0.993934 0.109436
-0.224346 0.109089 0.968384
-0.317503 -0.206809 -4.36758
2951.41 0 0
-0.976104 -0.0144822 -0.216822
-0.00968179 -0.993888 0.109971
-0.217089 0.109442 0.969997
-0.333983 -0.203644 -4.36123
2951.41 0 0
-0.977704 -0.0149913 -0.209454
-0.00843299 -0.993841 0.110497
-0.209821 0.109799 0.971555
-0.350379 -0.200477 -4.35487
2951.41 0 0
-0.979248 -0.0154977 -0.202075
-0.00718028 -0.993793 0.111013
-0.202541 0.11016 0.973058
-0.36669 -0.197307 -4.34852
2951.41 0 0
-0.980736 -0.0160014 -0.194683
-0.00592375 -0.993745 0.111519
-0.19525 0.110524 0.974506
-0.382919 -0.194134 -4.34216
2951.41 0 0
-0.982168 -0.0165022 -0.18728
-0.00466345 -0.993696 0.112016
-0.187948 0.110892 0.975899
-0.399064 -0.19096 -4.33581
2951.41 0 0
-0.983544 -0.0170002 -0.179867
-0.00339946 -0.993646 0.112504
-0.180637 0.111264 0.977236
-0.415129 -0.187783 -4.32947
2951.41 0 0
-0.984864 -0.0174954 -0.172443
-0.00213185 -0.993595 0.112982
-0.173315 0.111639 0.978518
-0.431114 -0.184605 -4.32313
2951.41 0 0
-0.986128 -0.0179877 -0.165009
-0.000860702 -0.993543 0.11345
-0.165985 0.112018 0.979745
-0.44702 -0.181425 -4.31679
2951.41 0 0
-0.987336 -0.0184771 -0.157566
0.000413919 -0.993491 0.113909
-0.158645 0.112401 0.980917
-0.462847 -0.178243 -4.31046
2951.41 0 0
-0.989582 -0.0194471 -0.142652
0.00297327 -0.993384 0.114798
-0.143941 0.113177 0.983093
-0.49427 -0.171876 -4.29783
2951.41 0 0
-0.990538 -0.0181939 -0.136027
0.00263863 -0.993515 0.11367
-0.137213 0.112236 0.984163
-0.504326 -0.167744 -4.29214
2951.41 0 0
-0.991448 -0.0169469 -0.129393
0.00229628 -0.993644 0.112545
-0.130478 0.111286 0.985186
-0.51433 -0.163617 -4.28652
2951.41 0 0
-0.992313 -0.0157065 -0.122753
0.00194623 -0.993771 0.111422
-0.123738 0.110327 0.986163
-0.524282 -0.159493 -4.28094
2951.41 0 0
-0.993131 -0.0144725 -0.116105
0.00158852 -0.993897 0.110302
-0.116993 0.109359 0.987093
-0.534183 -0.155373 -4.27543
2951.41 0 0
-0.993904 -0.013245 -0.10945
0.00122315 -0.994021 0.109183
-0.110242 0.108384 0.987978
-0.544036 -0.151257 -4.26998
2951.41 0 0
-0.994631 -0.0120241 -0.102789
0.000850144 -0.994143 0.108067
-0.103487 0.107399 0.988815
-0.553841 -0.147144 -4.26458
2951.41 0 0
-0.99531 -0.0108099 -0.0961224
0.000469519 -0.994264 0.106953
-0.0967272 0.106407 0.989607
-0.563598 -0.143034 -4.25925
2951.41 0 0
-0.995945 -0.00960244 -0.0894497
8.12914e-05 -0.994383 0.105842
-0.0899636 0.105406 0.990352
-0.573312 -0.138927 -4.25397
2951.41 0 0
-0.996533 -0.00840171 -0.0827715
-0.000314519 -0.9945 0.104733
-0.0831962 0.104396 0.99105
-0.582981 -0.134822 -4.24875
2951.41 0 0
-0.997075 -0.00720781 -0.0760882
-0.000717894 -0.994616 0.103627
-0.0764255 0.103379 0.991702
-0.592607 -0.13072 -4.2436
2951.41 0 0
-0.99757 -0.0060208 -0.0694001
-0.00112881 -0.99473 0.102523
-0.0696516 0.102353 0.992307
-0.602192 -0.126621 -4.2385
2951.41 0 0
-0.99802 -0.00484073 -0.0627075
-0.00154726 -0.994842 0.101423
-0.062875 0.101319 0.992865
-0.611737 -0.122523 -4.23347
2951.41 0 0
-0.998423 -0.00366765 -0.0560107
-0.00197321 -0.994952 0.100324
-0.056096 0.100277 0.993377
-0.621243 -0.118426 -4.22849
2951.41 0 0
-0.99878 -0.00250162 -0.0493101
-0.00240664 -0.995062 0.0992288
-0.0493148 0.0992265 0.993842
-0.630712 -0.114332 -4.22358
2951.41 0 0
-0.999091 -0.00134271 -0.0426059
-0.00284754 -0.995169 0.0981362
-0.0425318 0.0981683 0.994261
-0.640145 -0.110238 -4.21873
2951.41 0 0
-0.999355 -0.000190954 -0.0358985
-0.00329589 -0.995274 0.0970464
-0.0357473 0.0971022 0.994632
-0.649543 -0.106146 -4.21395
2951.41 0 0
-0.999573 0.000953579 -0.0291882
-0.00375166 -0.995378 0.0959595
-0.0289618 0.0960281 0.994957
-0.658908 -0.102054 -4.20922
2951.41 0 0
-0.999745 0.00209084 -0.0224753
-0.00421482 -0.99548 0.0948756
-0.0221753 0.0949462 0.995235
-0.66824 -0.0979629 -4.20456
2951.41 0 0
-0.999871 0.00322078 -0.0157601
-0.00468537 -0.99558 0.0937948
-0.0153884 0.0938565 0.995467
-0.677542 -0.0938721 -4.19996
2951.41 0 0
-0.999949 0.00434334 -0.00904304
-0.00516327 -0.995679 0.092717
-0.00860127 0.092759 0.995651
-0.686813 -0.0897816 -4.19542
2951.41 0 0
-0.999982 0.00545846 -0.00232434
-0.00564851 -0.995776 0.0916423
-0.00181429 0.0916538 0.995789
-0.696057 -0.0856908 -4.19095
2951.41 0 0
-0.999969 0.0065661 0.00439569
-0.00614106 -0.995871 0.0905708
0.00497223 0.090541 0.99588
-0.705274 -0.0815998 -4.18654
2951.41 0 0
-0.999909 0.00766619 0.0111167
-0.00664089 -0.995965 0.0895025
0.011758 0.0894205 0.995925
-0.714466 -0.0775081 -4.18219
2951.41 0 0
-0.999803 0.0087587 0.0178384
-0.00714799 -0.996056 0.0884375
0.0185426 0.0882925 0.995922
-0.723633 -0.0734157 -4.17791
2951.41 0 0
-0.99965 0.00984356 0.0245604
-0.00766232 -0.996146 0.0873758
0.0253258 0.0871571 0.995873
-0.732777 -0.0693225 -4.17369
2951.41 0 0
-0.999451 0.0109207 0.0312824
-0.00818388 -0.996234 0.0863175
0.0321072 0.0860141 0.995776
-0.7419 -0.065228 -4.16953
2951.41 0 0
-0.999205 0.0119901 0.0380041
-0.00871262 -0.99632 0.0852627
0.0388866 0.0848638 0.995633
-0.751002 -0.061132 -4.16544
2951.41 0 0
-0.998914 0.0130518 0.0447253
-0.00924852 -0.996405 0.0842113
0.0456636 0.0837062 0.995444
-0.760085 -0.0570345 -4.16141
2951.41 0 0
-0.998192 0.0151515 0.0581645
-0.0103418 -0.996569 0.0821189
0.0592091 0.0813689 0.994924
-0.7782 -0.0488326 -4.15355
2951.41 0 0
-0.998045 0.0158261 0.0604569
-0.0113496 -0.997217 0.0736824
0.0614547 0.0728523 0.995448
-0.768457 -0.0133351 -4.15204
2951.41 0 0
-0.997893 0.0164811 0.0627546
-0.0123765 -0.997793 0.0652428
0.0636914 0.0643286 0.995894
-0.758729 0.0221642 -4.15028
2951.41 0 0
-0.997735 0.0171164 0.0650575
-0.0134223 -0.998295 0.0568008
0.0659188 0.0557989 0.996264
-0.749013 0.0576629 -4.14829
2951.41 0 0
-0.997571 0.017732 0.0673654
-0.014487 -0.998725 0.0483571
0.0681369 0.0472637 0.996556
-0.739311 0.0931592 -4.14605
2951.41 0 0
-0.997401 0.0183278 0.069678
-0.0155704 -0.999082 0.0399124
0.0703455 0.0387238 0.996771
-0.729622 0.128651 -4.14358
2951.41 0 0
-0.997226 0.0189037 0.0719952
-0.0166724 -0.999366 0.0314674
0.0725444 0.0301798 0.996908
-0.719945 0.164138 -4.14087
2951.41 0 0
-0.997045 0.0194597 0.0743169
-0.017793 -0.999577 0.0230227
0.0747334 0.0216323 0.996969
-0.71028 0.199617 -4.13792
2951.41 0 0
-0.996858 0.0199958 0.0766428
-0.0189322 -0.999715 0.0145789
0.0769124 0.0130821 0.996952
-0.700627 0.235087 -4.13474
2951.41 0 0
-0.996666 0.0205119 0.0789727
-0.0200897 -0.999779 0.00613676
0.0790812 0.00452976 0.996858
-0.690984 0.270545 -4.13131
2951.41 0 0
-0.996467 0.0210079 0.0813065
-0.0212655 -0.999771 -0.0023031
0.0812395 -0.00402398 0.996686
-0.681351 0.305991 -4.12764
2951.41 0 0
-0.996264 0.0214839 0.083644
-0.0224595 -0.99969 -0.01074
0.0833874 -0.0125785 0.996438
-0.671729 0.341424 -4.12374
2951.41 0 0
-0.996055 0.0219399 0.085985
-0.0236717 -0.999536 -0.0191733
0.0855245 -0.0211331 0.996112
-0.662117 0.37684 -4.1196
2951.41 0 0
-0.99584 0.0223757 0.0883294
-0.0249019 -0.999309 -0.0276024
0.0876507 -0.0296871 0.995709
-0.652513 0.412238 -4.11521
2951.41 0 0
-0.99562 0.0227913 0.0906768
-0.02615 -0.999009 -0.0360265
0.0897659 -0.0382399 0.995229
-0.642918 0.447617 -4.11059
2951.41 0 0
-0.995394 0.0231867 0.0930273
-0.027416 -0.998636 -0.044445
0.0918698 -0.0467907 0.994671
-0.633331 0.482975 -4.10573
2951.41 0 0
-0.995162 0.0235619 0.0953805
-0.0286997 -0.99819 -0.0528574
0.0939624 -0.055339 0.994037
-0.623752 0.51831 -4.10063
2951.41 0 0
-0.994925 0.0239168 0.0977363
-0.030001 -0.997671 -0.0612628
0.0960434 -0.063884 0.993325
-0.614179 0.553621 -4.09529
2951.41 0 0
-0.994682 0.0242515 0.100094
-0.0313199 -0.997079 -0.0696606
0.0981127 -0.0724251 0.992536
-0.604614 0.588905 -4.08972
2951.41 0 0
-0.994434 0.0245658 0.102455
-0.0326562 -0.996415 -0.0780503
0.10017 -0.0809617 0.991671
-0.595055 0.624162 -4.0839
2951.41 0 0
-0.994181 0.0248598 0.104817
-0.0340098 -0.995677 -0.0864311
0.102216 -0.0894929 0.990728
-0.585501 0.659389 -4.07785
2951.41 0 0
-0.993922 0.0251335 0.107182
-0.0353806 -0.994868 -0.0948024
0.104249 -0.0980183 0.989709
-0.575953 0.694585 -4.07155
2951.41 0 0
-0.993657 0.0253868 0.109548
-0.0367686 -0.993985 -0.103164
0.10627 -0.106537 0.988613
-0.566409 0.729747 -4.06502
2951.41 0 0
-0.993388 0.0256196 0.111915
-0.0381735 -0.99303 -0.111514
0.108278 -0.115049 0.987441
-0.556871 0.764875 -4.05825
2951.41 0 0
-0.993112 0.0258321 0.114284
-0.0395954 -0.992002 -0.119853
0.110274 -0.123552 0.986192
-0.547335 0.799967 -4.05124
2951.41 0 0
-0.992832 0.0260241 0.116654
-0.0410341 -0.990902 -0.128179
0.112257 -0.132047 0.984866
-0.537803 0.83502 -4.044
2951.41 0 0
-0.992546 0.0261956 0.119025
-0.0424894 -0.98973 -0.136493
0.114227 -0.140533 0.983465
-0.528274 0.870034 -4.03651
2951.41 0 0
-0.992254 0.0263467 0.121396
-0.0439613 -0.988485 -0.144794
0.116183 -0.149009 0.981987
-0.518748 0.905006 -4.02879
2951.41 0 0
-0.991958 0.0264774 0.123768
-0.0454496 -0.987168 -0.15308
0.118127 -0.157474 0.980433
-0.509223 0.939935 -4.02083
2951.41 0 0
-0.991349 0.0266771 0.128514
-0.048475 -0.984319 -0.169608
0.121974 -0.17437 0.977096
-0.490178 1.00965 -4.0042
2951.41 0 0
-0.99096 0.0258663 0.131639
-0.0463143 -0.98687 -0.154733
0.125908 -0.159431 0.979147
-0.482219 0.945671 -4.01703
2951.41 0 0
-0.990558 0.0251033 0.134775
-0.0440939 -0.989193 -0.13983
0.129808 -0.144452 0.98096
-0.474318 0.881497 -4.02893
2951.41 0 0
-0.990143 0.0243883 0.137921
-0.0418145 -0.991287 -0.124902
0.133673 -0.129438 0.982536
-0.46647 0.817148 -4.0399
2951.41 0 0
-0.989715 0.0237215 0.141075
-0.0394765 -0.993152 -0.109952
0.137501 -0.11439 0.983874
-0.458673 0.752638 -4.04993
2951.41 0 0
-0.989273 0.023103 0.144237
-0.0370806 -0.994788 -0.0949844
0.141291 -0.0993139 0.984974
-0.450924 0.687981 -4.05903
2951.41 0 0
-0.988819 0.022533 0.147407
-0.0346273 -0.996193 -0.0800029
0.145043 -0.0842127 0.985835
-0.443221 0.623191 -4.06718
2951.41 0 0
-0.988352 0.0220116 0.150583
-0.0321173 -0.997367 -0.0650109
0.148756 -0.06909 0.986457
-0.43556 0.558281 -4.0744
2951.41 0 0
-0.987872 0.0215389 0.153765
-0.0295511 -0.998311 -0.0500122
0.152428 -0.0539496 0.986841
-0.427938 0.493266 -4.08067
2951.41 0 0
-0.987381 0.0211152 0.156952
-0.0269293 -0.999024 -0.0350103
0.156059 -0.0387951 0.986986
-0.420352 0.428161 -4.08599
2951.41 0 0
-0.986876 0.0207404 0.160143
-0.0242527 -0.999506 -0.0200088
0.159649 -0.0236301 0.986891
-0.4128 0.362978 -4.09037
2951.41 0 0
-0.986359 0.0204146 0.163337
-0.0215218 -0.999755 -0.00501152
0.163195 -0.00845847 0.986558
-0.405278 0.297732 -4.0938
2951.41 0 0
-0.98583 0.020138 0.166535
-0.0187373 -0.999775 0.00997796
0.166698 0.00671617 0.985985
-0.397784 0.232439 -4.09628
2951.41 0 0
-0.985289 0.0199106 0.169734
-0.0158999 -0.999562 0.0249561
0.170156 0.0218902 0.985174
-0.390314 0.16711 -4.09781
2951.41 0 0
-0.984735 0.0197325 0.172934
-0.0130103 -0.999118 0.0399191
0.173569 0.0370598 0.984124
-0.382865 0.101761 -4.09839
2951.41 0 0
-0.984171 0.0196036 0.176134
-0.0100692 -0.998443 0.0548634
0.176935 0.0522214 0.982836
-0.375435 0.0364058 -4.09802
2951.41 0 0
-0.983595 0.0195241 0.179334
-0.00707725 -0.997537 0.0697854
0.180255 0.0673714 0.98131
-0.36802 -0.0289415 -4.0967
2951.41 0 0
-0.983006 0.019494 0.182532
-0.00403525 -0.9964 0.0846815
0.183526 0.0825059 0.979546
-0.360618 -0.0942664 -4.09443
2951.41 0 0
-0.982407 0.0195132 0.185729
-0.000943903 -0.995032 0.099548
0.186749 0.0976213 0.977545
-0.353225 -0.159555 -4.09121
2951.41 0 0
-0.981797 0.0195818 0.188923
0.00219602 -0.993435 0.114381
0.189922 0.112714 0.975308
-0.345838 -0.224793 -4.08704
2951.41 0 0
-0.981175 0.0196997 0.192113
0.00538377 -0.991607 0.129178
0.193045 0.12778 0.972834
-0.338454 -0.289967 -4.08192
2951.41 0 0
-0.980543 0.0198669 0.195299
0.00861857 -0.98955 0.143934
0.196118 0.142817 0.970124
-0.331071 -0.355062 -4.07585
2951.41 0 0
-0.979899 0.0200834 0.19848
0.0118996 -0.987264 0.158646
0.199138 0.157819 0.96718
-0.323685 -0.420064 -4.06884
2951.41 0 0
-0.979245 0.0203491 0.201655
0.0152262 -0.984749 0.173311
0.202106 0.172784 0.964001
-0.316293 -0.484959 -4.06088
2951.41 0 0
-0.978581 0.020664 0.204823
0.0185973 -0.982007 0.187924
0.205021 0.187708 0.960589
-0.308893 -0.549733 -4.05198
2951.41 0 0
-0.977906 0.0210279 0.207984
0.0220124 -0.979038 0.202483
0.207882 0.202588 0.956945
-0.301481 -0.614372 -4.04213
2951.41 0 0
-0.977221 0.0214408 0.211136
0.0254704 -0.975843 0.216984
0.210688 0.217419 0.953068
-0.294053 -0.678862 -4.03135
2951.41 0 0
-0.976527 0.0219027 0.21428
0.0289706 -0.972422 0.231423
0.213439 0.232198 0.948961
-0.286608 -0.743189 -4.01963
2951.41 0 0
-0.975822 0.0224133 0.217414
0.0325121 -0.968776 0.245797
0.216134 0.246922 0.944624
-0.279143 -0.807339 -4.00698
2951.41 0 0
-0.974384 0.0235803 0.223649
0.0397157 -0.960814 0.274334
0.221354 0.27619 0.935266
-0.264137 -0.935052 -3.97888
2951.41 0 0
-0.972246 0.0242186 0.232705
0.0411363 -0.961437 0.271929
0.230317 0.273955 0.933757
-0.272994 -0.924808 -3.97506
2951.41 0 0
-0.970023 0.0248352 0.241742
0.0425338 -0.962058 0.26951
0.239263 0.271713 0.932162
-0.281766 -0.914618 -3.97141
2951.41 0 0
-0.967715 0.0254302 0.250759
0.0439082 -0.962674 0.267076
0.248191 0.269464 0.930479
-0.290456 -0.904482 -3.96791
2951.41 0 0
-0.965324 0.0260034 0.259756
0.0452593 -0.963288 0.264628
0.257101 0.267208 0.928708
-0.299069 -0.894399 -3.96459
2951.41 0 0
-0.962849 0.0265548 0.268731
0.046587 -0.963897 0.262167
0.265991 0.264946 0.926851
-0.307608 -0.884367 -3.96143
2951.41 0 0
-0.960291 0.0270844 0.277684
0.0478911 -0.964504 0.259692
0.274861 0.262678 0.924906
-0.316079 -0.874388 -3.95843
2951.41 0 0
-0.957649 0.0275921 0.286615
0.0491716 -0.965106 0.257204
0.28371 0.260404 0.922875
-0.324484 -0.864459 -3.95561
2951.41 0 0
-0.954923 0.0280778 0.295521
0.0504283 -0.965704 0.254703
0.292537 0.258124 0.920757
-0.33283 -0.85458 -3.95295
2951.41 0 0
-0.952115 0.0285416 0.304403
0.0516612 -0.966298 0.252189
0.301342 0.255839 0.918553
-0.341118 -0.844751 -3.95046
2951.41 0 0
-0.949225 0.0289834 0.31326
0.05287 -0.966888 0.249663
0.310123 0.253548 0.916263
-0.349354 -0.834969 -3.94814
2951.41 0 0
-0.946252 0.029403 0.32209
0.0540547 -0.967475 0.247124
0.31888 0.251252 0.913886
-0.357542 -0.825236 -3.946
2951.41 0 0
-0.943198 0.0298006 0.330893
0.0552153 -0.968058 0.244573
0.327612 0.248951 0.911424
-0.365685 -0.815549 -3.94403
2951.41 0 0
-0.940061 0.0301761 0.339669
0.0563514 -0.968636 0.24201
0.336318 0.246645 0.908876
-0.373789 -0.805909 -3.94222
2951.41 0 0
-0.936843 0.0305293 0.348416
0.0574632 -0.96921 0.239436
0.344998 0.244335 0.906243
-0.381858 -0.796313 -3.9406
2951.41 0 0
-0.933544 0.0308604 0.357133
0.0585504 -0.96978 0.236851
0.35365 0.242021 0.903525
-0.389895 -0.786762 -3.93914
2951.41 0 0
-0.930164 0.0311692 0.36582
0.059613 -0.970346 0.234254
0.362274 0.239702 0.900722
-0.397905 -0.777254 -3.93786
2951.41 0 0
-0.926703 0.0314558 0.374477
0.0606509 -0.970908 0.231646
0.370869 0.237379 0.897835
-0.405893 -0.767789 -3.93676
2951.41 0 0
-0.923162 0.0317201 0.383101
0.061664 -0.971465 0.229028
0.379434 0.235053 0.894863
-0.413862 -0.758365 -3.93583
2951.41 0 0
-0.919541 0.031962 0.391693
0.0626521 -0.972018 0.226399
0.387968 0.232723 0.891807
-0.421816 -0.748982 -3.93507
2951.41 0 0
-0.91584 0.0321816 0.400251
0.0636153 -0.972566 0.22376
0.396472 0.23039 0.888668
-0.42976 -0.739639 -3.9345
2951.41 0 0
-0.91206 0.0323789 0.408775
0.0645533 -0.97311 0.221111
0.404943 0.228054 0.885445
-0.437698 -0.730335 -3.93409
2951.41 0 0
-0.908201 0.0325538 0.417265
0.0654662 -0.973649 0.218452
0.413381 0.225716 0.882139
-0.445635 -0.721069 -3.93386
2951.41 0 0
-0.904265 0.0327063 0.425718
0.0663538 -0.974184 0.215784
0.421785 0.223374 0.87875
-0.453574 -0.711839 -3.93381
2951.41 0 0
-0.900249 0.0328364 0.434135
0.0672161 -0.974714 0.213107
0.430156 0.22103 0.875278
-0.461519 -0.702646 -3.93394
2951.41 0 0
-0.896156 0.032944 0.442515
0.0680529 -0.975239 0.210421
0.43849 0.218684 0.871724
-0.469476 -0.693487 -3.93423
2951.41 0 0
-0.891985 0.0330293 0.450857
0.0688643 -0.97576 0.207726
0.446789 0.216336 0.868089
-0.477448 -0.684362 -3.93471
2951.41 0 0
-0.887737 0.0330921 0.45916
0.0696501 -0.976276 0.205022
0.455052 0.213986 0.864371
-0.485438 -0.67527 -3.93536
2951.41 0 0
-0.883413 0.0331324 0.467424
0.0704102 -0.976787 0.20231
0.463276 0.211635 0.860573
-0.493453 -0.666211 -3.93618
2951.41 0 0
-0.874534 0.0331459 0.483829
0.0718534 -0.977794 0.196863
0.47961 0.206928 0.852734
-0.509569 -0.648182 -3.93835
2951.41 0 0
-0.87217 0.033601 0.488048
0.0737891 -0.977188 0.199143
0.483606 0.209699 0.849795
-0.499862 -0.659811 -3.93627
2951.41 0 0
-0.869785 0.0340698 0.492254
0.0757357 -0.976574 0.201411
0.487584 0.212466 0.846829
-0.490163 -0.671463 -3.93435
2951.41 0 0
-0.867379 0.0345523 0.496446
0.0776927 -0.975952 0.203668
0.491545 0.215228 0.843837
-0.480475 -0.683138 -3.93257
2951.41 0 0
-0.864954 0.0350485 0.500626
0.0796602 -0.975322 0.205914
0.495489 0.217986 0.840817
-0.470798 -0.694838 -3.93095
2951.41 0 0
-0.862508 0.0355584 0.504792
0.0816382 -0.974684 0.208149
0.499414 0.22074 0.83777
-0.461133 -0.706564 -3.92947
2951.41 0 0
-0.860043 0.0360819 0.508945
0.0836265 -0.974038 0.210372
0.503322 0.22349 0.834697
-0.451482 -0.718316 -3.92815
2951.41 0 0
-0.857557 0.036619 0.513084
0.0856252 -0.973384 0.212583
0.507212 0.226235 0.831597
-0.441847 -0.730096 -3.92698
2951.41 0 0
-0.855052 0.0371697 0.517209
0.087634 -0.972722 0.214782
0.511084 0.228975 0.82847
-0.43223 -0.741903 -3.92596
2951.41 0 0
-0.852526 0.037734 0.52132
0.0896531 -0.972052 0.21697
0.514938 0.231711 0.825318
-0.422631 -0.75374 -3.92509
2951.41 0 0
-0.849981 0.0383118 0.525418
0.0916822 -0.971374 0.219146
0.518773 0.234442 0.822138
-0.413052 -0.765606 -3.92436
2951.41 0 0
-0.847417 0.0389033 0.529501
0.0937214 -0.970689 0.22131
0.52259 0.237168 0.818933
-0.403494 -0.777503 -3.92379
2951.41 0 0
-0.844833 0.0395082 0.53357
0.0957706 -0.969996 0.223463
0.526389 0.239889 0.815701
-0.393958 -0.789432 -3.92337
2951.41 0 0
-0.842229 0.0401266 0.537624
0.0978296 -0.969295 0.225603
0.530169 0.242605 0.812443
-0.384448 -0.801392 -3.92309
2951.41 0 0
-0.839606 0.0407586 0.541664
0.0998985 -0.968586 0.227731
0.53393 0.245316 0.809159
-0.374962 -0.813386 -3.92296
2951.41 0 0
-0.836964 0.041404 0.545689
0.101977 -0.967869 0.229847
0.537672 0.248022 0.80585
-0.365504 -0.825414 -3.92298
2951.41 0 0
-0.834303 0.0420629 0.549699
0.104066 -0.967145 0.231951
0.541395 0.250722 0.802515
-0.356073 -0.837477 -3.92315
2951.41 0 0
-0.831623 0.0427351 0.553694
0.106164 -0.966413 0.234042
0.545099 0.253417 0.799154
-0.346673 -0.849576 -3.92346
2951.41 0 0
-0.828923 0.0434208 0.557674
0.108271 -0.965673 0.236121
0.548784 0.256107 0.795768
-0.337304 -0.86171 -3.92392
2951.41 0 0
-0.826205 0.0441199 0.561639
0.110388 -0.964925 0.238188
0.552449 0.258791 0.792356
-0.327968 -0.873882 -3.92453
2951.41 0 0
-0.823468 0.0448323 0.565589
0.112515 -0.96417 0.240242
0.556094 0.261469 0.788919
-0.318666 -0.886093 -3.92528
2951.41 0 0
-0.820712 0.0455581 0.569523
0.114651 -0.963407 0.242284
0.55972 0.264141 0.785457
-0.309399 -0.898342 -3.92617
2951.41 0 0
-0.817937 0.0462972 0.573441
0.116796 -0.962637 0.244313
0.563327 0.266808 0.78197
-0.300168 -0.910631 -3.92721
2951.41 0 0
-0.815145 0.0470496 0.577344
0.11895 -0.961859 0.246329
0.566913 0.269469 0.778458
-0.290976 -0.92296 -3.9284
2951.41 0 0
